[[-514.8846765    35.84745889  105.36850667]
 [ 514.92299349   35.9100811   105.85719685]
 [-514.87115709   33.57117109   83.66562519]
 [ 514.89440017   33.56804064   84.0519786 ]
 [-514.91440822   45.26211925  124.7412879 ]
 [ 514.96163666   45.32813117  125.30516233]
 [-514.9402361    70.88466386  156.36127125]
 [ 514.99313811   70.87873145  158.19525697]
 [-514.90928606   69.53786665  175.33119497]
 [ 515.01319568   69.40343488  175.67218408]]
[
    [[1.0000059663294438], [-0.025271907582258910]], 
    [[1.0000059830904560], [-0.032886554823618920]], 
    [[1.0000060414770329], [-0.026765283228254630]], 
    [[1.0000060952683114], [-0.021556388944181402]], 
    [[1.0000060478132509], [-0.059629655151046866]]
]