[[-515.16020705   35.14637021   86.85540576]
 [ 515.17756277   35.22670382   87.20847657]
 [-515.12403987   38.04637489  102.05372235]
 [ 515.1516942    37.83481202  102.13702618]
 [-515.13907601   34.07392787   90.21932414]
 [ 515.14324988   33.94009653   90.62687745]
 [-515.09876421   15.39361809   70.89152466]
 [ 515.11886633   15.45284059   71.46938774]
 [-515.06228519   16.7031178    59.51058283]
 [ 515.04059737   16.59602576   60.1047142 ]]
[
    [[1.0000061391567856], [-0.024973899023905927]], 
    [[1.0000062453188905], [-0.023183819186555106]], 
    [[1.0000062805695320], [-0.031476223550378754]], 
    [[1.0000062557492184], [-0.058436799851103380]], 
    [[1.0000062800939267], [-0.029388275681799053]]
]