[[-514.70686024   49.22335338   24.38749819, 73.61085157]
 [ 514.70211328   49.33959178   24.34046835]
 [-514.65864409   14.5483726    71.36721364]
 [ 514.67600332   14.58052232   72.21351951]
 [-514.68406645   17.44594829   60.3640657 ]
 [ 514.67788279   17.44051967   60.65135945]
 [-514.6469497    32.35328737  112.0940586 ]
 [ 514.73783456   32.4033127   113.31886215]
 [-514.68284874   44.84202619  114.52617429]
 [ 514.72532767   44.85700433  115.13303165, 159.99003598000002]]
[
    [[1.0000060489244382], [0.0019487484018190365]],
    [[1.0000061386762054], [-0.030346499425287762]],
    [[1.0000061618395908], [-0.038038937292732444]],
    [[1.0000062149647717], [-0.012946323815809645]],
    [[1.0000062271735148], [-0.057707845751837790]]
]